1874.2480278
1847.62907028
1883.8300705
1604.07400131
1597.3098278
1860.83889008
1610.30101776
2127.05492973
1584.46907997
1607.83696175
1871.03295326
1604.86984253
1616.89805984
1843.12701225
2029.97779846
1606.25696182
1863.78693581
1619.96793747
1872.60007858
1862.09607124
2150.49099922
1602.37503052
1864.69006538
1870.69487572
1886.44599915
1633.64696503
1864.33696747
1693.41206551
1857.35297203
1868.24417114
1845.00813484
1607.99479485
1606.1809063
1854.30908203
1873.39901924
1871.38080597
1605.93700409
1869.31800842
1587.60905266
1592.69881248
1872.40099907
1611.98210716
1857.72013664
1606.15587234
1597.86200523
1854.31599617
1875.27799606
1597.20611572
1876.09815598
1647.84097672
1610.40091515
1608.09397697
1613.27409744
1869.94886398
2106.29296303
1608.87908936
1625.97203255
1860.04209518
2123.32701683
1573.05312157
1596.07410431
1856.96291924
1616.710186
1929.02898788
1597.54991531
1856.50205612
1600.48413277
1888.78679276
1859.33685303
1863.34204674
2142.12298393
1878.02100182
1617.89894104
1863.79003525
1598.99616241
1596.58098221
1833.98890495
1714.5678997
1619.53997612
1897.43518829
1584.80882645
2132.25913048
1631.76608086
1607.421875
1886.58690453
1597.54300117
1602.43797302
1862.86902428
1600.0828743
1880.37490845
