2181.46705627
2091.13812447
2239.96186256
1879.26602364
1849.60198402
2088.70196342
1892.27199554
2457.82399178
1866.19091034
1897.2568512
2168.62416267
1872.5271225
1970.48306465
2154.58106995
2351.84907913
1918.98584366
2146.85106277
1796.63586617
2112.38503456
2052.98185349
2357.462883
1911.00001335
2221.89307213
2191.84398651
2247.66087532
1799.90887642
2207.16691017
1951.75600052
2072.89600372
2084.74302292
2199.29003716
1888.31496239
1914.04294968
2026.37887001
2086.65299416
2182.12985992
1804.78215218
2175.27699471
2.58588790894
1837.8880024
1862.97082901
2157.40203857
1830.46317101
2213.92798424
1934.62896347
1943.06015968
2046.06795311
2152.77194977
1773.35786819
2228.66892815
1933.33792686
1860.25285721
1906.12912178
1794.75712776
2030.8599472
2404.02197838
1848.498106
1820.76311111
2108.29806328
2484.46989059
1922.43385315
1919.71802711
2218.25003624
1839.44511414
2219.2440033
1828.46784592
2209.4180584
1907.2201252
2187.46399879
2035.12191772
2178.7648201
2468.24002266
2175.51493645
1903.71417999
2180.27687073
1876.38401985
1899.63889122
2164.32881355
1991.07599258
1940.13190269
2175.17805099
1876.29199028
2463.30404282
1948.94099236
1857.60188103
2199.18489456
1874.6509552
1952.69083977
2218.59717369
1865.57197571
2103.08384895
